0
0 5
6
0 1 16
0 2 13
1 3 12
2 1 4
2 4 14
3 2 9
3 5 20
4 3 7
4 5 4
0
0 5
6
0 1 16
0 2 13
1 3 12
2 1 4
2 4 14
3 2 9
3 5 20
4 3 7
4 5 4
0
0 5
6
0 1 16
0 2 13
1 3 12
2 1 4
2 4 14
3 2 9
3 5 20
4 3 7
4 5 4
0
0 5
6
0 1 16
0 2 13
1 3 12
2 1 4
2 4 14
3 2 9
3 5 20
4 3 7
4 5 4
0
0 5
6
0 1 16
0 2 13
1 3 12
2 1 4
2 4 14
3 2 9
3 5 20
4 3 7
4 5 4
0
0 5
6
0 1 16
0 2 13
1 3 12
2 1 4
2 4 14
3 2 9
3 5 20
4 3 7
4 5 4
0
0 5
6
0 1 16
0 2 13
1 3 12
2 1 4
2 4 14
3 2 9
3 5 20
4 3 7
4 5 4
0
0 5
6
0 1 16
0 2 13
1 3 12
2 1 4
2 4 14
3 2 9
3 5 20
4 3 7
4 5 4
0
0 5
6
0 1 16
0 2 13
1 3 12
2 1 4
2 4 14
3 2 9
3 5 20
4 3 7
4 5 4
0
0 5
6
0 1 16
0 2 13
1 3 12
2 1 4
2 4 14
3 2 9
3 5 20
4 3 7
4 5 4
0
0 5
6
0 1 16
0 2 13
1 3 12
2 1 4
2 4 14
3 2 9
3 5 20
4 3 7
4 5 4
0
0 5
6
0 1 16
0 2 13
1 3 12
2 1 4
2 4 14
3 2 9
3 5 20
4 3 7
4 5 4
0
0 5
6
0 1 16
0 2 13
1 3 12
2 1 4
2 4 14
3 2 9
3 5 20
4 3 7
4 5 4
0
0 5
6
0 1 16
0 2 13
1 3 12
2 1 4
2 4 14
3 2 9
3 5 20
4 3 7
4 5 4
0
0 5
6
0 1 16
0 2 13
1 3 12
2 1 4
2 4 14
3 2 9
3 5 20
4 3 7
4 5 4
0
0 5
6
0 1 16
0 2 13
1 3 12
2 1 4
2 4 14
3 2 9
3 5 20
4 3 7
4 5 4
0
0 5
6
0 1 16
0 2 13
1 3 12
2 1 4
2 4 14
3 2 9
3 5 20
4 3 7
4 5 4
0
0 5
6
0 1 16
0 2 13
1 3 12
2 1 4
2 4 14
3 2 9
3 5 20
4 3 7
4 5 4
0
0 5
6
0 1 16
0 2 13
1 3 12
2 1 4
2 4 14
3 2 9
3 5 20
4 3 7
4 5 4
0
0 5
6
0 1 16
0 2 13
1 3 12
2 1 4
2 4 14
3 2 9
3 5 20
4 3 7
4 5 4
0
0 5
6
0 1 16
0 2 13
1 3 12
2 1 4
2 4 14
3 2 9
3 5 20
4 3 7
4 5 4
0
0 5
6
0 1 16
0 2 13
1 3 12
2 1 4
2 4 14
3 2 9
3 5 20
4 3 7
4 5 4
0
0 5
6
0 1 16
0 2 13
1 3 12
2 1 4
2 4 14
3 2 9
3 5 20
4 3 7
4 5 4
0
0 5
6
0 1 16
0 2 13
1 3 12
2 1 4
2 4 14
3 2 9
3 5 20
4 3 7
4 5 4
0
0 5
6
0 1 16
0 2 13
1 3 12
2 1 4
2 4 14
3 2 9
3 5 20
4 3 7
4 5 4
0
0 5
6
0 1 16
0 2 13
1 3 12
2 1 4
2 4 14
3 2 9
3 5 20
4 3 7
4 5 4
0
0 5
6
0 1 16
0 2 13
1 3 12
2 1 4
2 4 14
3 2 9
3 5 20
4 3 7
4 5 4
23
0 5
6
0 1 4
0 2 2
1 3 0
2 1 4
2 4 3
3 2 9
3 5 1
4 3 0
4 5 0
23
0 5
6
0 1 4
0 2 2
1 3 0
2 1 4
2 4 3
3 2 9
3 5 1
4 3 0
4 5 0
1 0 12
3 1 12
5 3 19
2 0 11
4 2 11
3 4 7
5 4 4
23
0 5
6
0 1 4
0 2 2
1 3 0
2 1 4
2 4 3
3 2 9
3 5 1
4 3 0
4 5 0
23
0 5
6
0 1 4
0 2 2
1 3 0
2 1 4
2 4 3
3 2 9
3 5 1
4 3 0
4 5 0
23
0 5
6
0 1 12
0 2 4
1 3 12
2 1 4
2 4 4
3 2 9
3 5 7
4 3 7
4 5 4
23
0 5
6
0 1 4
0 2 2
1 3 0
2 1 4
2 4 3
3 2 9
3 5 1
4 3 0
4 5 0
23
0 5
6
0 1 12
0 2 4
1 3 12
2 1 4
2 4 4
3 2 9
3 5 7
4 3 7
4 5 4
23
0 5
6
0 1 12
0 2 4
1 3 12
2 1 4
2 4 4
3 2 9
3 5 7
4 3 7
4 5 4
23
0 5
6
0 1 16
0 2 6
1 3 12
2 1 4
2 4 7
3 2 9
3 5 8
4 3 7
4 5 4
23
0 5
6
0 1 28
0 2 10
1 3 24
2 1 4
2 4 11
3 2 9
3 5 15
4 3 14
4 5 8
23
0 5
6
0 1 12
0 2 4
1 3 12
2 1 4
2 4 4
3 2 9
3 5 7
4 3 7
4 5 4
23
0 5
6
0 1 12
0 2 4
1 3 12
2 1 4
2 4 4
3 2 9
3 5 7
4 3 7
4 5 4
23
0 5
6
0 1 12
0 2 4
1 3 12
2 1 4
2 4 4
3 2 9
3 5 7
4 3 7
4 5 4
19
0 5
6
0 1 0
0 2 7
1 3 0
2 1 4
2 4 0
3 2 0
3 5 7
4 3 7
4 5 0
19
0 5
6
0 1 0
0 2 7
1 3 0
2 1 4
2 4 0
3 2 0
3 5 7
4 3 7
4 5 0
19
0 5
6
0 1 0
0 2 7
1 3 0
2 1 4
2 4 0
3 2 0
3 5 7
4 3 7
4 5 0
23
0 5
6
0 1 12
0 2 4
1 3 12
2 1 4
2 4 4
3 2 9
3 5 7
4 3 7
4 5 4
23
0 5
6
0 1 12
0 2 4
1 3 12
2 1 4
2 4 4
3 2 9
3 5 7
4 3 7
4 5 4
23
0 5
6
0 1 12
0 2 4
1 3 12
2 1 4
2 4 4
3 2 9
3 5 7
4 3 7
4 5 4
23
0 5
6
0 1 12
0 2 4
1 3 12
2 1 4
2 4 4
3 2 9
3 5 7
4 3 7
4 5 4
23
0 5
6
0 1 28
0 2 24
1 3 24
2 1 4
2 4 25
3 2 9
3 5 39
4 3 14
4 5 8
23
0 5
6
0 1 16
0 2 6
1 3 12
2 1 4
2 4 7
3 2 9
3 5 8
4 3 7
4 5 4
23
0 5
6
0 1 12
0 2 4
1 3 12
2 1 4
2 4 4
3 2 9
3 5 7
4 3 7
4 5 4
23
0 5
6
0 1 28
0 2 24
1 3 24
2 1 4
2 4 25
3 2 9
3 5 39
4 3 14
4 5 8
23
0 5
6
0 1 16
0 2 13
1 3 12
2 1 4
2 4 14
3 2 9
3 5 20
4 3 7
4 5 4
23
0 5
6
0 1 16
0 2 13
1 3 12
2 1 4
2 4 14
3 2 9
3 5 20
4 3 7
4 5 4
23
0 5
6
0 1 12
0 2 4
1 3 12
2 1 4
2 4 4
3 2 9
3 5 7
4 3 7
4 5 4
23
0 5
6
0 1 12
0 2 4
1 3 12
2 1 4
2 4 4
3 2 9
3 5 7
4 3 7
4 5 4
23
0 5
6
0 1 12
0 2 4
1 3 12
2 1 4
2 4 4
3 2 9
3 5 7
4 3 7
4 5 4
23
0 5
6
0 1 12
0 2 4
1 3 12
2 1 4
2 4 4
3 2 9
3 5 7
4 3 7
4 5 4
23
0 5
6
0 1 28
0 2 24
1 3 24
2 1 4
2 4 25
3 2 9
3 5 39
4 3 14
4 5 8
23
0 5
6
0 1 12
0 2 4
1 3 12
2 1 4
2 4 4
3 2 9
3 5 7
4 3 7
4 5 4
23
0 5
6
0 1 12
0 2 4
1 3 12
2 1 4
2 4 4
3 2 9
3 5 7
4 3 7
4 5 4
23
0 5
6
0 1 12
0 2 4
1 3 12
2 1 4
2 4 4
3 2 9
3 5 7
4 3 7
4 5 4
23
0 5
6
0 1 12
0 2 4
1 3 12
2 1 4
2 4 4
3 2 9
3 5 7
4 3 7
4 5 4
23
0 5
6
0 1 4
0 2 2
1 3 0
2 1 4
2 4 3
3 2 9
3 5 1
4 3 0
4 5 0
23
0 5
6
0 1 16
0 2 6
1 3 12
2 1 4
2 4 7
3 2 9
3 5 8
4 3 7
4 5 4
23
0 5
6
0 1 12
0 2 4
1 3 12
2 1 4
2 4 4
3 2 9
3 5 7
4 3 7
4 5 4
23
0 5
6
0 1 12
0 2 4
1 3 12
2 1 4
2 4 4
3 2 9
3 5 7
4 3 7
4 5 4
23
0 5
6
0 1 12
0 2 4
1 3 12
2 1 4
2 4 4
3 2 9
3 5 7
4 3 7
4 5 4
